1443705226309;56.17146207;10.18946591;116.0
1443705227527; ; ;
1443705228292;56.17146142;10.18946537;116.0
1443705230293;56.17146169;10.18946529;116.0
1443705232296;56.17146122;10.18947148;116.0
1443705234298;56.17146202;10.18950438;115.0
1443705236279;56.17144872;10.18955771;116.0
1443705238310;56.17143597;10.18961283;116.0
1443705240295;56.1714269;10.18966567;115.0
1443705242346;56.17142137;10.18972139;113.0
1443705244279;56.17141668;10.18977174;113.0
1443705246279;56.17140729;10.18981611;114.0
1443705248292;56.17139984;10.18986165;115.0
1443705250304;56.17139268;10.18990241;114.0
1443705252315;56.17138907;10.1899476;112.0
1443705254368;56.17138063;10.18998583;113.0
1443705256308;56.17137629;10.19002865;111.0
1443705258327;56.17137336;10.19006933;112.0
1443705260302;56.17137321;10.19011061;113.0
1443705262293;56.17136197;10.19014825;112.0
1443705264293;56.17134879;10.19018414;112.0
1443705265824; ; ;
1443705266294;56.1713329;10.19021246;112.0
1443705268289;56.17132347;10.19023357;113.0
1443705270294;56.17130265;10.19022848;111.0
1443705272295;56.17127485;10.19021648;110.0
1443705274293;56.17124795;10.1901994;110.0
1443705276293;56.1712245;10.1901833;110.0
1443705278293;56.17119784;10.19016661;109.0
1443705280293;56.17117094;10.19014935;108.0
1443705282309;56.17114166;10.19013555;105.0
1443705284293;56.17111231;10.19012645;104.0
1443705286292;56.171086;10.19011335;105.0
1443705288291;56.17106139;10.19010158;105.0
1443705290296;56.17103293;10.1900847;107.0
1443705292293;56.17100729;10.19006744;107.0
1443705294294;56.17098092;10.19005038;107.0
1443705296291;56.17095707;10.19004205;107.0
1443705298293;56.17093341;10.19002716;107.0
1443705300345;56.17090731;10.19002121;106.0
1443705302293;56.17087866;10.1900198;107.0
1443705304330;56.17085024;10.19001264;106.0
1443705306292;56.17082075;10.19000063;105.0
1443705308295;56.17079234;10.18998794;105.0
1443705310295;56.17076355;10.18997838;106.0
1443705312302;56.17073643;10.18996886;107.0
1443705314294;56.17070537;10.18996253;107.0
1443705316284;56.17067871;10.1899545;106.0
1443705318295;56.17065025;10.18992959;105.0
1443705320294;56.17061751;10.18990638;104.0
1443705322300;56.17058644;10.18989013;106.0
1443705324306;56.17055972;10.18987534;106.0
1443705326387;56.1705315;10.18986077;106.0
1443705328292;56.17050499;10.18984918;106.0
1443705330290;56.17048018;10.18983717;105.0
1443705332278;56.17045379;10.18982735;106.0
1443705334289;56.17042763;10.18981603;106.0
1443705336346;56.17040389;10.18980318;105.0
1443705338281;56.17038026;10.18978874;106.0
1443705340293;56.17035433;10.18977849;107.0
1443705342294;56.17032924;10.18976618;106.0
1443705342982; ; ;
1443705344295;56.17031107;10.18975936;106.0
1443705346294;56.17029375;10.18975454;105.0
1443705348289;56.17027185;10.1897469;105.0
1443705350296;56.1702472;10.18973709;105.0
1443705352306;56.17022188;10.18972722;105.0
1443705354279;56.17019774;10.18971534;103.0
1443705356290;56.17017286;10.18970553;103.0
1443705358295;56.17014043;10.189702;104.0
1443705360294;56.1701044;10.18969455;104.0
1443705362292;56.17007023;10.18968175;104.0
1443705364292;56.1700405;10.18966427;102.0
1443705366294;56.17001039;10.18964566;101.0
1443705368294;56.16997817;10.18962849;101.0
1443705370302;56.16994576;10.18961236;99.0
1443705372295;56.16991702;10.18959028;99.0
1443705374294;56.16988871;10.18956937;98.0
1443705376281;56.16985931;10.18955653;97.0
1443705378302;56.16983047;10.18954362;97.0
1443705380307;56.16980388;10.18953221;97.0
1443705382318;56.16977575;10.18951752;97.0
1443705384312;56.16974927;10.18950957;97.0
1443705386291;56.1697234;10.1894973;97.0
1443705388293;56.16969316;10.18948725;99.0
1443705390292;56.16966324;10.18948144;100.0
1443705392291;56.1696346;10.18947059;100.0
1443705394292;56.16960769;10.1894597;100.0
1443705396295;56.16958239;10.1894502;100.0
1443705398294;56.16955703;10.18944204;101.0
1443705400292;56.16953502;10.18943235;101.0
1443705402292;56.16952808;10.18941743;100.0
1443705404293;56.16952049;10.18940161;97.0
1443705406292;56.16950313;10.18939073;99.0
1443705408296;56.16947635;10.18937836;101.0
1443705410292;56.16944665;10.18936901;101.0
1443705412321;56.16941567;10.18936251;103.0
1443705414290;56.16938616;10.18935062;102.0
1443705416292;56.16935605;10.18934415;100.0
1443705418293;56.16932489;10.18933806;101.0
1443705420293;56.16929676;10.18932578;100.0
1443705422293;56.16926826;10.18930274;101.0
1443705424296;56.16923961;10.18928275;100.0
1443705426277;56.16921358;10.18925677;100.0
1443705428290;56.16919236;10.18922117;100.0
1443705430290;56.16916899;10.18918341;99.0
1443705432292;56.16914205;10.18915627;100.0
1443705434325;56.16911452;10.18913;101.0
1443705436276;56.16909018;10.18910127;102.0
1443705438278;56.16906497;10.18907239;102.0
1443705440280;56.16904048;10.18904253;103.0
1443705442280;56.16902209;10.18900664;103.0
1443705444294;56.16901251;10.1889753;102.0
1443705444623; ; ;
1443705446292;56.16901474;10.18896758;103.0
1443705448293;56.16902882;10.18896371;103.0
1443705450294;56.16904822;10.18895214;104.0
1443705452278;56.16906333;10.18892653;104.0
1443705454281;56.16907873;10.18888953;104.0
1443705456278;56.16909476;10.18885271;105.0
1443705458280;56.16911215;10.18881844;106.0
1443705460277;56.16912981;10.18879308;106.0
1443705462280;56.16913665;10.18878438;106.0
1443705464279;56.16915204;10.18876312;106.0
1443705466280;56.1691723;10.18872795;107.0
1443705468281;56.16919728;10.18870255;106.0
1443705470282;56.16922652;10.18868814;104.0
1443705472282;56.16925296;10.1886682;103.0
1443705474277;56.16927799;10.18865179;102.0
1443705476279;56.16930217;10.18864246;102.0
1443705478278;56.16932422;10.1886267;101.0
1443705480278;56.16932397;10.18857551;101.0
1443705482282;56.16932581;10.18852347;102.0
1443705484281;56.16934475;10.18849409;101.0
1443705486279;56.16936371;10.18846479;103.0
1443705488281;56.16938819;10.18844282;100.0
1443705490277;56.16941744;10.18841661;98.0
1443705492279;56.16945159;10.18841386;96.0
1443705494280;56.1694842;10.18840218;94.0
1443705496277;56.16951474;10.18839423;94.0
1443705498279;56.16954451;10.18839248;96.0
1443705500279;56.16956715;10.18836346;98.0
1443705502277;56.16958686;10.18831736;97.0
1443705504279;56.16960541;10.1882736;97.0
1443705506282;56.16962444;10.18822737;96.0
1443705508277;56.16964583;10.18818205;96.0
1443705510278;56.16966711;10.18813486;96.0
1443705512287;56.16968663;10.18808038;97.0
1443705514279;56.16971005;10.18802699;96.0
1443705516278;56.16973002;10.18797809;97.0
1443705518279;56.16974884;10.1879267;96.0
1443705520281;56.16976674;10.18788342;96.0
1443705522280;56.16978812;10.18784548;96.0
1443705524278;56.16981337;10.18782123;97.0
1443705526280;56.16983857;10.18779611;96.0
1443705528277;56.16986031;10.1877612;97.0
1443705530280;56.16988457;10.18772423;98.0
1443705532279;56.16990718;10.18769426;99.0
1443705534277;56.16992982;10.18766239;99.0
1443705536277;56.16995237;10.18762413;98.0
1443705538277;56.16997631;10.18759034;98.0
1443705540279;56.16999666;10.18754774;99.0
1443705542277;56.17002031;10.18751143;98.0
1443705544279;56.17004147;10.18747459;99.0
1443705546283;56.17006388;10.18743892;100.0
1443705548280;56.17008234;10.18739761;100.0
1443705550281;56.17010086;10.18736509;98.0
1443705552281;56.17011638;10.18732246;99.0
1443705554278;56.17013237;10.18729726;98.0
1443705556282;56.17014879;10.18726742;96.0
1443705558281;56.17016277;10.18722945;98.0
1443705560279;56.17017621;10.18720218;99.0
1443705561384; ; ;
1443705562293;56.17016519;10.18721466;100.0
1443705564306;56.17016087;10.18721938;101.0
1443705566314;56.17017044;10.18721505;101.0
1443705568323;56.1701893;10.18723747;101.0
1443705570278;56.17022398;10.18726061;102.0
1443705572287;56.17025588;10.18727768;102.0
1443705574280;56.17028912;10.18728896;100.0
1443705576287;56.17030881;10.18729981;100.0
1443705578286;56.17032408;10.18730428;100.0
1443705580292;56.17032768;10.18730097;101.0
1443705582277;56.17032926;10.18730069;101.0
1443705584281;56.17033097;10.18730117;101.0
1443705586278;56.17033183;10.18730454;101.0
1443705588279;56.17034538;10.18732563;99.0
1443705590279;56.17036184;10.18734476;98.0
1443705592281;56.17037088;10.18734936;98.0
1443705594363;56.17037394;10.18735344;97.0
1443705595505; ; ;
1443705596295;56.17037675;10.18735463;97.0
1443705598291;56.17038127;10.1873556;97.0
1443705600281;56.17039542;10.18735156;99.0
1443705602294;56.17039486;10.18734988;95.0
1443705604294;56.17039054;10.18737123;94.0
1443705606292;56.17038742;10.18737447;94.0
1443705608282;56.1703816;10.18737628;96.0
1443705610326;56.1703792;10.18739299;99.0
1443705612302;56.17037732;10.1874042;98.0
1443705614280;56.17037334;10.18740333;98.0
1443705616292;56.17037379;10.18740558;99.0
1443705616687; ; ;
1443705618291;56.17037035;10.18740362;99.0
1443705620292;56.17036387;10.18741959;100.0
1443705622292;56.17036371;10.18746364;100.0
1443705624295;56.17037276;10.1875094;103.0
1443705626316;56.17038887;10.18754279;102.0
1443705628294;56.1704109;10.18756753;101.0
1443705630295;56.1704364;10.18758334;101.0
1443705632276;56.17046339;10.18759996;102.0
1443705634280;56.17047323;10.1875992;102.0
1443705636279;56.17047992;10.18759493;102.0
1443705638279;56.17049524;10.18760187;102.0
1443705640279;56.17052229;10.18761332;101.0
1443705642279;56.17055294;10.18763328;100.0
1443705644278;56.17059161;10.18766787;99.0
1443705646280;56.17060582;10.18767396;99.0
1443705648278;56.17062041;10.18768084;99.0
1443705650279;56.17065022;10.18770139;99.0
1443705652280;56.1706803;10.18772369;99.0
1443705654278;56.17071493;10.18774572;100.0
1443705656278;56.1707489;10.18776269;98.0
1443705658279;56.17078252;10.18777625;99.0
1443705660280;56.1708044;10.18778701;99.0
1443705662279;56.17081144;10.18779104;99.0
1443705664280;56.1708188;10.18779706;99.0
1443705666280;56.17084021;10.18780788;98.0
1443705668281;56.17087118;10.18782102;97.0
1443705670279;56.17090517;10.18783142;97.0
1443705672279;56.17093956;10.18784824;97.0
1443705674280;56.17097651;10.18786773;98.0
1443705676280;56.17101576;10.18788604;99.0
1443705678278;56.17105399;10.18789911;100.0
1443705680279;56.17108091;10.18790291;99.0
1443705682278;56.17108856;10.1879016;99.0
1443705684281;56.17110278;10.18790744;100.0
1443705686278;56.1711308;10.18792385;100.0
1443705688279;56.17116325;10.18795016;100.0
1443705690280;56.1711842;10.187967;100.0
1443705692277;56.17121183;10.18799521;101.0
1443705694278;56.1712315;10.18803375;101.0
1443705696279;56.17124763;10.18809128;101.0
1443705698277;56.17125791;10.18814357;101.0
1443705700279;56.17127524;10.188186;101.0
1443705702278;56.17129799;10.1882197;102.0
1443705704276;56.17131756;10.18825265;103.0
1443705706278;56.17134259;10.18827799;103.0
1443705708279;56.17136058;10.18831532;104.0
1443705710277;56.17137817;10.18836303;105.0
1443705712293;56.1713869;10.1884089;106.0
1443705712795; ; ;
1443705714275;56.17138939;10.18845563;107.0
1443705716278;56.1713918;10.18850192;108.0
1443705718282;56.17139461;10.18855506;106.0
1443705720277;56.17138877;10.18860759;105.0
1443705722277;56.17138673;10.18866454;106.0
1443705724279;56.17138579;10.18871386;106.0
1443705726277;56.17138625;10.18876884;106.0
1443705728278;56.17138815;10.1888249;106.0
1443705730279;56.17139715;10.18887636;107.0
1443705732277;56.17141033;10.18892513;106.0
1443705734278;56.17142912;10.18896567;107.0
1443705736277;56.17145534;10.18899124;108.0
1443705738279;56.17146603;10.18900573;108.0
1443705739508; ; ;
1443705740294;56.17147457;10.18900205;108.0
1443705742276;56.17147874;10.18901239;107.0
1443705744277;56.17147564;10.18905062;107.0
1443705746278;56.17146833;10.18909926;107.0
1443705748277;56.17146345;10.18915177;109.0
1443705750278;56.17146143;10.18919954;108.0
1443705752278;56.17146152;10.18924587;110.0
1443705754278;56.17145545;10.18929391;109.0
1443705756278;56.17144811;10.18933777;110.0
1443705758279;56.17144378;10.18938209;112.0
1443705760278;56.17144623;10.18942946;110.0
1443705761673; ; ;
1443705762298;56.17144219;10.18946102;106.0
1443705764296;56.17145079;10.18945909;106.0
